10
2 9
1 2
11 12 13 14 15 16 17 18 19

0 1
3

0 3
1 3 5

5 0
2 3 4 5 6

1 1
3
5

1 3
1
3 4 5

1 4
3
1 4 6 8

2 2
1 4
2 5

6 2
1 5 7 9 10 11
3 5

5 2
1 3 5 6 7
2 4

6 4
1 5 9 10 15 20
2 3 8 13

6 4
1 3 3 4 4 20
2 3 4 4
============
5
5 5
1 12 15 26 38
2 13 17 30 45
6 6
1 12 17 26 38 40
2 13 15 30 45 50
5 5
1 12 17 26 38
2 13 15 30 45
6 6
1 12 15 26 38 40
2 13 17 30 45 50
1 1
1 2
1 3
==== Merge sorted arrays in O(n) ==
3
4 5
1 3 5 7
0 2 6 8 9
4 5
1 3 3 5
0 0 3 3 5
6 4
1 5 9 10 15 20
2 3 8 13
==============
javac solve.java && cat input.txt | java solve > output.txt

For JS:
cat input.txt | node solve.js > output.txt
